1.0 0.0 0.0 0.0 0.0 0.0 0.0 0.0 0.0 0.0 0.0 0.0 0.0 0.0 0.0 0.0 0.0 0.0 0.0 0.0 0.0 0.0 0.0 0.0 0.0 0.0 
0.06577613474595778 1.0 0.0 0.010583717810293325 0.0 0.0 0.0 0.0 0.02728073152650301 0.006715303165604758 0.02042870773355665 0.04815580058045743 0.0 0.0 0.0 0.0 0.0 0.0 0.0 0.0 0.0 0.0 0.0 0.0 0.031956620945908454 0.0 
0.3112821415941007 0.015251887284748356 1.0 0.09845958494774476 0.012107328535333695 0.03567143071510781 0.02159607529926777 0.10597952647151598 0.05417379350707152 0.03577622116560453 0.11142151354167462 0.1669278490616929 0.017523065235275137 0.09019013635599804 0.007707193250440558 0.014713828376925253 0.0 0.012712973049363363 0.0010034150756937366 0.03010827290442042 0.0 0.0 0.08431648719643503 0.05593253536431175 0.3225946974063262 0.012768459093615458 
0.13610155783805877 0.0 0.0 1.0 0.0 0.0 0.0 0.0 0.0 0.0 0.0 0.07605809628901938 0.0 0.0 0.0 0.0 0.0 0.0 0.0 0.0 0.0 0.0 0.0 0.0 0.17423025545006499 0.0 
0.303581102106643 0.004641760340250323 0.0 0.04669336179166428 1.0 0.01700646513192161 0.0 0.0705435112201942 0.013772260413903337 0.0020359736809956175 0.06440056543566486 0.14472596990264364 0.0 0.06739282740146058 0.0 0.0 0.0 0.0 0.0 0.0 0.0 0.0 0.05653662349240318 0.03469683446652638 0.311291565840629 0.0 
0.229579684958787 0.0009440423167947909 0.0 0.06727710318046976 0.0 1.0 0.0 0.058130424847869455 0.0 0.0 0.04420015175477243 0.11341753999603787 0.0 0.023148544926920978 0.0 0.0 0.0 0.0 0.0 0.0 0.0 0.0 0.012595108091310592 0.005431663695330102 0.2093069653440528 0.0 
0.27033842384850626 0.01644503201865566 0.0 0.07943641539898227 0.010983094418012151 0.02633312648651942 1.0 0.08243920649478098 0.03302118749644101 0.006185831026434108 0.0950558160318119 0.14043391709242892 0.0 0.0777608331491424 0.0 0.0 0.0 0.0 0.0 0.00759992806444254 0.0 0.0 0.07112162565118452 0.027970432946060608 0.27840274095811535 0.0 
0.2075352890949369 0.00670229444846282 0.0 0.013437698669584108 0.0 0.0 0.0 1.0 0.0 0.0 0.0 0.1104002719331113 0.0 0.0 0.0 0.0 0.0 0.0 0.0 0.0 0.0 0.0 0.0 0.0 0.2545924147213069 0.0 
0.30101023637618796 0.0 0.0 0.057332339587905845 0.0 0.007870486333456772 0.0 0.04974395980996871 1.0 0.0 0.045879188536232296 0.10658584857947018 0.0 0.016513577100985666 0.0 0.0 0.0 0.0 0.0 0.0 0.0 0.0 0.04002951734955906 0.013630461801252824 0.27992002150481254 0.0 
0.31068702160694095 0.0 0.0 0.10764649797484249 0.0 0.02162310711102511 0.0 0.08402814937270164 0.028774624257251413 1.0 0.0735128970714265 0.1481829772051486 0.0 0.07702448493473357 0.0 0.0 0.0 0.0 0.0 0.0 0.0 0.0 0.06172300302723055 0.030305052376876418 0.32077291950641074 0.0 
0.28604635252741484 0.0 0.0 0.020004822135080147 0.0 0.0 0.0 0.0029792637681193 0.0 0.0 1.0 0.019890846841192467 0.0 0.0 0.0 0.0 0.0 0.0 0.0 0.0 0.0 0.0 0.0 0.0 0.23730261916705475 0.0 
0.15574367433741954 0.0 0.0 0.0 0.0 0.0 0.0 0.0 0.0 0.0 0.0 1.0 0.0 0.0 0.0 0.0 0.0 0.0 0.0 0.0 0.0 0.0 0.0 0.0 0.1351224632157958 0.0 
0.32577937363377396 0.019737102501735326 0.0 0.07734119042610421 0.012867932303761709 0.03231896607405227 0.006365914245100468 0.08632733937415182 0.04308224372806224 0.007957308422677833 0.08644036609376493 0.14644227436439294 1.0 0.07705844701593911 0.0 0.0 0.0 0.0 0.0 0.0003001626782613842 0.00641014876883661 0.0 0.058385065178154893 0.0250039320235087 0.2953229752915769 0.0 
0.3263809701474367 0.014383281132800296 0.0 0.04018684084871771 0.0 0.0 0.0 0.010713749805458694 0.0 0.0 0.012580200890162652 0.10192609986783252 0.0 1.0 0.0 0.0 0.0 0.0 0.0 0.0 0.0 0.0 0.0 0.0 0.25841177002934457 0.0 
0.3881761188376154 0.03366024101014298 0.0 0.10946517337279438 0.03439815137151192 0.04118815349942717 0.009605275828948434 0.12014343160766805 0.07509217673687263 0.028079688371252187 0.11280845903030712 0.18930995334256417 0.023302786934519593 0.07938887796231209 1.0 0.0 0.0 0.0 0.0 0.027405134456737312 0.0 0.0 0.06720102978233122 0.061373206864640095 0.3361080821241167 0.0034827598875624144 
0.3506397588255562 0.015518337311603125 0.0 0.14013527288324967 0.019552842241043145 0.04509815075196877 0.014964805445187856 0.10993594088592329 0.04696407690101079 0.018433975013209647 0.10314628849110574 0.1834276554716301 0.014118560584460926 0.09840269549179703 0.00037602963837601866 1.0 0.0 0.0 0.00525316555231381 0.007179676548538572 0.0 0.0 0.06920871151473174 0.047683012746240316 0.33860293596213276 0.0 
0.3506710677581263 0.032843582850875186 0.014404368662588984 0.12374308531326694 0.04054843152357002 0.052314116110823594 0.04734429294689091 0.13153509241064942 0.08683874295879812 0.05734602044906967 0.13023830405351888 0.18664522464348 0.036758380893922804 0.11674408263721425 0.022936804824045254 0.026564793908466222 1.0 0.018514662986409802 0.018684041507326665 0.044005171032438506 0.00058963133292389 0.0 0.08993212511285231 0.07528738992380724 0.3546326706579048 0.026778837390507237 
0.35169430199982454 0.0235587023309356 0.0 0.13053533731303668 0.025610066196414594 0.05138995885234088 0.014458774466364788 0.10595352602663566 0.05177831426627233 0.02897346623998276 0.08087047905709133 0.16834306235977625 0.027190484052693087 0.09459439000186687 0.00679484985307055 0.01364228711734583 0.0 1.0 0.0 0.03159769937958268 0.0 0.0 0.06900861204942355 0.049417178531221406 0.32837582867067727 0.0 
0.37267140652740505 0.037908715236833035 0.0 0.10100548266894777 0.03625561440312086 0.038379513881157956 0.023744837746503933 0.09745297437310757 0.08245979473076487 0.02885978819522733 0.12956404952254635 0.1801334412513173 0.010220554728422149 0.10309084660988388 0.00680740236402011 0.0 0.0 0.0005909584333531614 1.0 0.028642269442037294 0.0 0.0 0.0894255944091219 0.047317924607339856 0.30305209261166854 0.009866670846413628 
0.3142864559639713 0.02021566912331141 0.0 0.10457224730396253 0.01260087789914155 0.0223502135207575 0.0 0.07026226964293925 0.02695856599422064 0.0085013401854096 0.06771886982315589 0.15862103293532182 0.0 0.07175466527578345 0.0 0.0 0.0 0.0 0.0 1.0 0.0 0.0 0.06871333425272275 0.04053671473163256 0.29279765934655766 0.0 
0.3426506692468432 0.02633510872115763 0.010181352064480231 0.10582204977472676 0.04237060410848137 0.047723737801695254 0.024218178382270472 0.11552338051372546 0.06177851305754445 0.03788304393527031 0.11255240727889126 0.17564099182241244 0.0 0.11229838594899866 0.019629016004673372 0.030733915451810256 0.0 0.005167544245589073 0.014802811094530688 0.03720176619055693 1.0 0.0 0.08303151091875882 0.045332537084545654 0.32589479299514224 0.017941916083455633 
0.40567989237966845 0.038978529309737164 0.025779205936111715 0.14111780362728643 0.08229375228547386 0.07875557479446932 0.0710362704321354 0.16817016597658835 0.10069747611836177 0.08202264136429793 0.16624487104264823 0.22465647942028155 0.05573665669681921 0.18426323256374794 0.061378241468546646 0.05927863952580259 0.022396812495066365 0.05622636251094232 0.05631138359186627 0.06406987058931463 0.029239154151568414 1.0 0.14862380115787327 0.09381221782316918 0.4017142833867395 0.05481771176064043 
0.28703078179629693 0.00699323669227514 0.0 0.04317928570110041 0.0 0.0 0.0 0.028053531611448412 0.0 0.0 0.0005518116345740731 0.09184008584826486 0.0 0.026337184696404004 0.0 0.0 0.0 0.0 0.0 0.0 0.0 0.0 1.0 0.0 0.20292665550582045 0.0 
0.2800327889158791 0.005421096335703979 0.0 0.04398982718692368 0.0 0.0 0.0 0.042005463221091 0.0 0.0 0.03798385746546307 0.08825994408565496 0.0 0.051967313196215614 0.0 0.0 0.0 0.0 0.0 0.0 0.0 0.0 0.05107578801191681 1.0 0.2362732492123647 0.0 
0.12252511300950752 0.0 0.0 0.0 0.0 0.0 0.0 0.0 0.0 0.0 0.0 0.0 0.0 0.0 0.0 0.0 0.0 0.0 0.0 0.0 0.0 0.0 0.0 0.0 1.0 0.0 
0.36390138943407746 0.029587183217713586 0.0 0.10753362667284627 0.01958592565523809 0.050921000611630185 0.024463115791149903 0.11177278750616226 0.054319048389002256 0.03330038052626838 0.09675134682571351 0.16655483209095423 0.011871766138447426 0.10179502739933122 0.0 0.009639938559662387 0.0 0.0031366038392079965 0.0 0.020659504376254745 0.0 0.0 0.06483859413094306 0.053507557912363723 0.34756437229753734 1.0 
