0 0.00309040927902375 0.000922810934855837 0.00570077034291685 0.000826561800014056 0.0015259463761969 0.00138646916423916 0.002751142810619 0.000977397072952888 0.000810991690509998 0.000292779863435817 0.000825948321920503 0.000321056856600209 0.000301184570502908 0.000130663293176486 0.000277275352376135 0.000275236635701153 0.000794337974857783 0.000523054186443763 0.000362217253622785 0.00032545912356493 0.000242822563631181 0.000553582075771675 0.000164506315093975 0.000292540516940555 0.000305712863833873
0.00383342602799198 0 0.000482242741457814 0.00184238965173615 0.00111271576840769 0.000978130926582345 0.000415863216322771 0.000608643167207992 0.000690017521374705 0.000854907821886085 0.000829626518687257 0.0018149135878402 0.000587571076577414 0.000550161444738655 0.000284725175058335 0.000483394184993346 0.000337993906757647 0.000773221546541861 0.000114089057122926 0.000136936953174993 0.000323202366407307 0.000247479372451886 0.000472535150811882 0.000897861986913961 0.000600302118715871 0.000264650201524741
0.00518110865323142 0.00208619979765982 0 0.00172960907002055 0.00153598687169846 0.00100502416950203 0.00360353257394645 0.000440368700492364 0.0013820984420118 0.000299855340229257 0.00237025546356576 0.000219087114170808 0.000719213827881015 0.000752869735543489 0.00253894263301434 0.0012867123234739 0.00294061557654246 0.000273276955758362 0.000860319031114614 0.00100053173845608 0.000895164689470107 0.000209523081550078 0.000594445233586073 0.000161696008450104 0.00075778201984832 0.00115968563609784
0.00146735293789012 0.0024116033570501 0.00139427430917386 0 0.000480978295080296 0.00412393187794428 0.00133488805525869 0.00466451564284871 0.000468258323578383 0.00433615474902165 0.00119531949770131 0.00130491138408523 0.000725634846326989 0.000466131645722584 0.000458358201518144 0.00206920264200978 0.000600524748804344 0.00198873573152455 0.000880580528478604 0.00102947407890339 0.000834847966017164 0.000439893614955617 0.000771709377009083 0.000274316448480682 0.000609778916002139 0.000435133557702019
0.00265141341462234 0.00199479446912837 0.00310401997380779 0.00124807243384475 0 0.0014501737471625 0.00245719019402991 0.000448775084007797 0.000787034094452375 0.000423705908049633 0.000868118979254567 0.000418379004230753 0.00289973129980944 0.00322610637669709 0.00235297381647556 0.000587298242497735 0.000969026306038916 0.000637033433164071 0.000478983813314946 0.000379648994391758 0.00419866931140322 0.00059254374526554 0.00232448313401218 0.000222598861302159 0.00072711360050442 0.000894112465123671
0.00130011172796282 0.00116990033655091 0.00140837677945862 0.00618886157951354 0.00047949477328251 0 0.000766618107241323 0.00254604101692628 0.000352500719081274 0.00183426699296483 0.000331500448484814 0.00212246411178689 0.000981945486867564 0.00174779770199744 0.000625000859135003 0.00243740601857757 0.000235202392509248 0.00218470690925142 0.000709934955869956 0.00155831042496443 0.000713441258189521 0.000287211123625762 0.00382788007285215 0.00150901283037198 0.000784465123025838 0.000355227214499027
0.00415611033560676 0.00236937693647403 0.0024667156290716 0.00234750128706925 0.00110055627290981 0.00160103398384831 0 0.000397439067509129 0.001733572547764 0.000757731962744775 0.00214049717827189 0.000426078709290665 0.00079437046946066 0.00059813844691691 0.00214951150201636 0.000931195113709081 0.0017683288173293 0.000428839044288483 0.00161998381655466 0.000572683329298755 0.000815717239843619 0.000228921737657528 0.000509779297927954 0.000353377642861599 0.000251428267201167 0.00172496707250763
0.000655978845934905 0.00662741401243769 0.000123118365604036 0.0028712667407458 0.000824821132896391 0.00222237148129336 0.000603106651508662 0 0.000219813434020429 0.00256057593915617 0.000548205657421288 0.00224914645562013 0.000422833305783508 0.000708174837718742 0.000296922600605232 0.0013990598997254 0.00038527656520715 0.0021585270970245 0.000197801720690655 0.00234389785827176 0.000226239569026583 0.000445417937382394 0.000700857531713423 0.000776828422740191 0.00047247153492928 0.000226647843345853
0.00470345521979306 0.00202710092092845 0.00430882683827373 0.00195703677820141 0.00184425721861539 0.000977339026610834 0.00271384810386003 0.000482829199956301 0 0.000423035840338731 0.0025815864156073 0.000275545341547959 0.000750814481933736 0.00115117565842873 0.00460253852853807 0.00149732479224069 0.00182291347486165 0.000446007704859657 0.00264726849254014 0.000655289946063735 0.0012514095391469 0.000222209592059098 0.000560600776354431 0.000313134624080913 0.000359789305101464 0.00122663754877154
0.000550747443996307 0.00383617140794891 0.000131705292434536 0.00494850796777582 0.000491146149225615 0.00209620163689635 0.000140584194279401 0.00643685750370377 0.000552681249978752 0 0.000627262014961946 0.00161306831754645 0.000285487233279984 0.000372717916569632 0.00035499927212142 0.00182580743956088 0.000447639652769919 0.00183052375056022 0.00195590451079006 0.0020348722889658 0.000299285399188895 0.000193920687426321 0.000766172069019617 0.00156767847604983 0.000669179885598938 0.000159480254914655
0.00436596940237103 0.0040359012949616 0.00428315307373296 0.00170579285452225 0.00137696355494978 0.000809688521766356 0.00205661443399322 0.000676104009808233 0.00189603680005523 0.000780019186940755 0 0.000347752240252439 0.000529841499215326 0.000807016417786247 0.00199771793646062 0.00102244947163487 0.00217788212232356 0.000444366502947686 0.0014382279449003 0.000626458725012705 0.000808775475552204 0.000235102157944544 0.000280454121807886 0.00058454677445072 0.000644004613224422 0.000829979571241804
0.000549725544242031 0.00137429590032386 0.000602124809564928 0.00142215757097466 0.000457226350249239 0.000613991103479064 0.000473503656127722 0.000863237423248464 0.00046823920028343 0.00116876690770863 0.00136977003644276 0 0.000465295946930304 0.00146290059178822 0.000693799798801773 0.00105134904693186 0.000504441102139021 0.00155987635718453 0.000317697571127487 0.000797834330441174 0.000483137191550517 0.000223137236078083 0.000541504076243947 0.000680821335706639 0.000812240488407439 0.000692805544372151
0.00267821295899625 0.00205789626748283 0.0016974809719949 0.00131390745352134 0.00161300767644669 0.000892854381623061 0.00215240570954589 0.000504966687103208 0.00085855281105997 0.0003621225515469 0.000985494513788595 0.000418680869672585 0 0.00301713507528126 0.00198865944250988 0.000884488607208867 0.000745152850671137 0.000383376110944433 0.000525677787564014 0.000220808111998828 0.00962733394988869 0.000107634479480736 0.00177638105448675 0.00105436570521079 0.00123652424124968 0.00142362905873659
0.00303055445211962 0.00370357770610616 0.00104211878059943 0.00182329168603716 0.000957928717397092 0.00239387466732323 0.0012818473910238 0.00206027886293842 0.00103551475467371 0.00183910798154465 0.00131874064676185 0.00224921809904475 0.00195537566087894 0 0.00224227594976524 0.0012295283578359 0.0011858806207194 0.00114764842197449 0.00132285258748517 0.00221288324951593 0.00196233991707583 0.000327836151039891 0.00645176811978163 0.00148743842532143 0.00124834895094044 0.000268204796029799
0.00370447975267103 0.00352978317473346 0.0024810937312533 0.00196003636930461 0.00111048907897233 0.000814397577564568 0.0022134200481938 0.000840406290872916 0.00145129923695038 0.000884631297100303 0.00245415531533648 0.000200150316822544 0.000440183772281652 0.00116469300641897 0 0.00147934588472528 0.00196550805339809 0.000216618503684113 0.0025308007427586 0.00108157577510592 0.000808433141559783 0.000143752845225587 0.00034162471241163 0.000328512676974382 0.000307951796480355 0.00159993144101819
0.000839449397411982 0.00551183333722909 0.000544640425148001 0.00615652523793683 0.000279177635457523 0.00207028008681274 0.000458658893882734 0.00531564548604105 0.000249637818095601 0.00638605913262393 0.00151809527132979 0.00184795517036936 0.000351665819106088 0.000496019181083553 0.000304087237481318 0 0.000501687927664593 0.00273286351365814 0.000269661525403007 0.00332093728850975 0.000405917360557714 0.000397337152294599 0.000947545794177674 0.00081970357036313 0.0009993635676794 0.000310039986394195
0.00574355477225802 0.00394552031256857 0.00186800783912676 0.00233000172924428 0.000826343262494983 0.00126350479420658 0.00142130605586632 0.00147186525016542 0.000637439939467669 0.000469868443148475 0.00167836631918461 0.000344289034802786 0.000680363972169947 0.000785930062444979 0.000759547163389281 0.00107118314272612 0 0.00062576249363404 0.00167859408185759 0.000929395768613879 0.00072144447275478 0.000117020770891639 0.000457627908534621 0.000894019065681055 0.000429175855121883 0.000840292666574969
0.000978327620689946 0.00498140038662848 0.000251763105836014 0.00377300268672047 0.000320787940549314 0.00282896279700326 0.00035320712028535 0.00352693001897113 0.000218056797556448 0.00465450673961972 0.000801236954617528 0.00183803486877022 0.000227324476993368 0.000870070388246344 0.000600720979311773 0.0025289379682389 0.000314858967779916 0 0.00120570979249551 0.00303045756668835 0.000567484928452839 0.000153967176234912 0.00125053993666754 0.000722569565827368 0.000927484262362768 0.000290079490249393
0.00364346652416182 0.00301364338493553 0.00342961530828582 0.00307134891839827 0.00137020801374276 0.00124193407175548 0.00264475827525645 0.0010356781313542 0.00236078601477143 0.000912458060676887 0.0022784191260852 5.53273771101368e-05 0.000877095078395139 0.000977876172298242 0.00267890860476258 0.000886237422344212 0.00204957816235465 0.00044295347027531 0 0.000881613221846614 0.00088261590325049 0.00014135813156253 0.000544489357837115 0.000227125736097987 0.000551931187250718 0.00135628366986671
0.000794443644780499 0.00256431471961635 0.000224177781089603 0.00186634215097925 0.000410632526813049 0.000875018403654467 0.000249317739492576 0.00314100524845786 0.000373601834386306 0.00228319733766615 0.000663818048428527 0.00126814699367781 0.000318301397767521 0.00173488246766469 0.000515397611062155 0.00122491049149437 0.000635827032810799 0.0010766682487288 0.00180189847556285 0 0.00035521341670346 0.000172298050944174 0.000633004031429762 0.000636281498998064 0.000623277525527487 0.000371121797116597
0.00333443414389456 0.00137134289581063 0.00184924942011686 0.00109758761281165 0.000893914050388363 0.000925292036279375 0.00191033750053955 0.000291118975015858 0.000958821685985065 0.000389013332873035 0.00120556214895715 0.000654138863915384 0.00484415802731807 0.00126983630957341 0.00206095582616725 0.00155776940256705 0.000753124787236088 0.000376043165563876 0.00053720666630797 0.000392634500222872 0 0.000106241433872761 0.00135526085945539 0.00108511480796854 0.00122258525664937 0.00193254108026143
0.000228964280342376 0.00406622022421639 0.000228373810740083 0.00096872719499888 0.000251845872343945 0.000823781530661626 0.00043431046391335 0.000376171383355037 0.000125675129377665 0.00139731219202841 0.0004382828961528 0.000431666992815357 0.000494939634305669 0.000858828152674518 0.000365465653101756 0.000564510777850577 0.000826044327231135 0.000751996021590509 0.000274401850272202 0.000892844655266958 0.000510537597449909 0 0.000321365482930433 0.000496558599536031 0.000293726107025391 0.000222068647224092
0.00179226461686785 0.000998394762614393 0.000622255535475047 0.00193380380566976 0.000203289177929894 0.00136097128940216 0.000317727844752949 0.00100173690426501 0.00038373589141231 0.00123039127146151 0.00135808168415593 0.0024152386022491 0.00159042559264878 0.00110137832651545 0.00149088339931063 0.000754577116499788 0.000412717347624343 0.00106995676180941 0.000218996687779956 0.00123171097024024 0.000982011721784212 0.000449376885349432 0 0.000937011507114641 0.00266431240736466 0.000931962054275352
0.000361931107254377 0.00119224933373718 0.000186642505622253 0.00077535412206205 0.00051683538459336 0.000572763853571837 0.000398464495581643 0.00100279194992314 0.000430064326648197 0.00122342990126714 0.000419061833064321 0.000369532813967862 0.000990366914897429 0.000617195043094064 0.000249694884149396 0.000377104174833734 0.000130185823189751 0.000714145486236215 0.00115575107991895 0.000651617700094714 0.00057291916650177 0.000486976740330124 0.00206977885155897 0 0.00121738474093725 0.000329907002506923
0.0013202914089133 0.00112898931332145 9.17062466881504e-05 0.00102812526712828 0.000554216494966556 0.000666583909135194 0.000486018018808193 0.00059147827456586 0.000326108602101514 0.000353253267828428 0.000275688727989922 0.000159846136557774 0.000567990747308165 0.000805979347996926 0.000284706374075046 0.000331949310148689 0.000252088282851512 0.000490934922484996 0.000308678419693562 0.000229854175169162 0.000291667902725169 0.000289838603101723 0.00136718646334294 0.000366526940573309 0 0.000225642223094352
0.00219049100786274 0.00199547875435633 0.00255920174963633 0.00490062430356203 0.00106033393213041 0.00163341733962623 0.00215015715314648 0.000834871737303194 0.000896854013257275 0.00088363479793684 0.001562952640134 0.000667235465998627 0.00302227206920522 0.000734886495918833 0.000431974987771162 0.00169293688107925 0.000711094281263589 0.000609951055061758 0.000701866074376381 0.00122861809068702 0.00248738779009401 0.000114842443805176 0.000450820558673184 0.000662337040731849 0.000516292312161895 0
